181
98
1
3
16
0
16
173
101
35
2
93
0
0
248
236
0
0
156
31
2
0
89
249
181
98
1
2
28
0
16
173
101
35
189
5
128
207
91
200
14
17
187
139
255
255
209
254
255
255
96
110
0
0
83
7
1
0
241
75
181
98
1
3
16
0
248
176
101
35
2
93
0
0
248
236
0
0
132
35
2
0
48
82
181
98
1
2
28
0
248
176
101
35
189
4
128
207
241
200
14
17
252
131
255
255
18
247
255
255
189
110
0
0
67
6
1
0
48
153
181
98
1
3
16
0
224
180
101
35
2
93
0
0
248
236
0
0
108
39
2
0
8
186
181
98
1
2
28
0
224
180
101
35
204
3
128
207
21
202
14
17
162
119
255
255
184
234
255
255
103
109
0
0
83
5
1
0
59
23
181
98
1
3
16
0
200
184
101
35
2
93
0
0
248
236
0
0
84
43
2
0
224
34
181
98
1
2
28
0
200
184
101
35
17
3
128
207
166
202
14
17
26
112
255
255
48
227
255
255
120
107
0
0
160
4
1
0
58
196
181
98
1
3
16
0
176
188
101
35
2
93
0
0
248
236
0
0
60
47
2
0
184
138
181
98
1
2
28
0
176
188
101
35
238
2
128
207
125
202
14
17
129
113
255
255
151
228
255
255
108
105
0
0
63
3
1
0
57
102
181
98
1
3
16
0
152
192
101
35
2
93
0
0
248
236
0
0
36
51
2
0
144
242
181
98
1
2
28
0
152
192
101
35
218
2
128
207
27
202
14
17
85
115
255
255
108
230
255
255
243
102
0
0
127
3
1
0
32
61
181
98
1
3
16
0
128
196
101
35
2
93
0
0
248
236
0
0
12
55
2
0
104
90
181
98
1
2
28
0
128
196
101
35
234
2
128
207
195
201
14
17
253
111
255
255
19
227
255
255
161
100
0
0
40
3
1
0
96
147
181
98
1
3
16
0
104
200
101
35
2
93
0
0
248
236
0
0
244
58
2
0
63
191
181
98
1
2
28
0
104
200
101
35
3
3
128
207
56
201
14
17
160
111
255
255
182
226
255
255
118
99
0
0
96
2
1
0
43
57
181
98
1
3
16
0
80
204
101
35
2
93
0
0
248
236
0
0
220
62
2
0
23
39
181
98
1
2
28
0
80
204
101
35
31
3
128
207
94
200
14
17
9
114
255
255
31
229
255
255
203
97
0
0
235
1
1
0
13
23
181
98
1
3
16
0
56
208
101
35
2
93
0
0
248
236
0
0
196
66
2
0
239
143
181
98
1
2
28
0
56
208
101
35
19
3
128
207
12
200
14
17
230
115
255
255
252
230
255
255
9
96
0
0
136
1
1
0
49
254
181
98
1
3
16
0
32
212
101
35
2
93
0
0
248
236
0
0
172
70
2
0
199
247
181
98
1
2
28
0
32
212
101
35
10
3
128
207
213
199
14
17
65
115
255
255
87
230
255
255
40
93
0
0
19
2
1
0
58
153
181
98
1
3
16
0
8
216
101
35
2
93
0
0
248
236
0
0
148
74
2
0
159
95
181
98
1
2
28
0
8
216
101
35
48
3
128
207
67
199
14
17
87
116
255
255
109
231
255
255
81
91
0
0
51
2
1
0
47
201
181
98
1
3
16
0
240
219
101
35
2
93
0
0
248
236
0
0
124
78
2
0
118
184
181
98
1
2
28
0
240
219
101
35
73
3
128
207
60
199
14
17
103
116
255
255
125
231
255
255
195
88
0
0
217
1
1
0
96
22
181
98
1
3
16
0
216
223
101
35
2
93
0
0
248
236
0
0
100
82
2
0
78
32
181
98
1
2
28
0
216
223
101
35
72
3
128
207
28
199
14
17
52
114
255
255
74
229
255
255
105
86
0
0
141
1
1
0
25
116
181
98
1
3
16
0
192
227
101
35
2
93
0
0
248
236
0
0
76
86
2
0
38
136
181
98
1
2
28
0
192
227
101
35
82
3
128
207
16
199
14
17
165
115
255
255
187
230
255
255
199
83
0
0
79
1
1
0
4
153
181
98
1
3
16
0
168
231
101
35
2
93
0
0
248
236
0
0
52
90
2
0
254
240
181
98
1
2
28
0
168
231
101
35
105
3
128
207
0
199
14
17
83
117
255
255
105
232
255
255
152
81
0
0
63
1
1
0
22
195
181
98
1
3
16
0
144
235
101
35
2
93
0
0
248
236
0
0
28
94
2
0
214
88
181
98
1
2
28
0
144
235
101
35
135
3
128
207
159
198
14
17
205
119
255
255
227
234
255
255
197
79
0
0
48
1
1
0
210
98
181
98
1
3
16
0
120
239
101
35
2
93
0
0
248
236
0
0
4
98
2
0
174
192
181
98
1
2
28
0
120
239
101
35
161
3
128
207
170
198
14
17
83
113
255
255
105
228
255
255
132
77
0
0
197
0
1
0
52
193
181
98
1
3
16
0
96
243
101
35
2
93
0
0
248
236
0
0
236
101
2
0
133
37
181
98
1
2
28
0
96
243
101
35
188
3
128
207
149
198
14
17
19
116
255
255
41
231
255
255
106
75
0
0
157
0
1
0
104
65
181
98
1
3
16
0
72
247
101
35
2
93
0
0
248
236
0
0
212
105
2
0
93
141
181
98
1
2
28
0
72
247
101
35
212
3
128
207
91
198
14
17
23
121
255
255
45
236
255
255
136
73
0
0
124
0
1
0
63
21
181
98
1
3
16
0
48
251
101
35
2
93
0
0
248
236
0
0
188
109
2
0
53
245
181
98
1
2
28
0
48
251
101
35
224
3
128
207
34
198
14
17
66
123
255
255
88
238
255
255
91
71
0
0
74
0
1
0
247
55
181
98
1
3
16
0
24
255
101
35
2
93
0
0
248
236
0
0
164
113
2
0
13
93
181
98
1
2
28
0
24
255
101
35
232
3
128
207
216
197
14
17
11
126
255
255
33
241
255
255
130
69
0
0
62
0
1
0
81
44
181
98
1
3
16
0
0
3
102
35
2
93
0
0
248
236
0
0
140
117
2
0
230
211
181
98
1
2
28
0
0
3
102
35
242
3
128
207
148
197
14
17
163
129
255
255
185
244
255
255
197
67
0
0
44
0
1
0
105
98
181
98
1
3
16
0
232
6
102
35
2
93
0
0
248
236
0
0
116
121
2
0
189
44
181
98
1
2
28
0
232
6
102
35
253
3
128
207
79
197
14
17
9
131
255
255
31
246
255
255
43
66
0
0
26
0
1
0
61
244
181
98
1
3
16
0
208
10
102
35
2
93
0
0
248
236
0
0
92
125
2
0
149
148
181
98
1
2
28
0
208
10
102
35
242
3
128
207
254
196
14
17
248
130
255
255
14
246
255
255
240
64
0
0
10
0
1
0
92
64
181
98
1
3
16
0
184
14
102
35
2
93
0
0
248
236
0
0
68
129
2
0
109
252
181
98
1
2
28
0
184
14
102
35
5
4
128
207
171
196
14
17
102
134
255
255
124
249
255
255
12
64
0
0
21
0
1
0
19
224
181
98
1
3
16
0
160
18
102
35
2
93
0
0
248
236
0
0
44
133
2
0
69
100
181
98
1
2
28
0
160
18
102
35
21
4
128
207
89
196
14
17
173
133
255
255
195
248
255
255
211
62
0
0
169
0
1
0
162
232
181
98
1
3
16
0
136
22
102
35
2
93
0
0
248
236
0
0
20
137
2
0
29
204
181
98
1
2
28
0
136
22
102
35
36
4
128
207
49
196
14
17
114
128
255
255
136
243
255
255
161
61
0
0
147
0
1
0
172
23
181
98
1
3
16
0
112
26
102
35
2
93
0
0
248
236
0
0
252
140
2
0
244
49
181
98
1
2
28
0
112
26
102
35
27
4
128
207
16
196
14
17
128
122
255
255
150
237
255
255
211
60
0
0
195
0
1
0
223
172
181
98
1
3
16
0
88
30
102
35
2
93
0
0
248
236
0
0
228
144
2
0
204
153
181
98
1
2
28
0
88
30
102
35
55
4
128
207
228
195
14
17
149
121
255
255
171
236
255
255
122
60
0
0
170
0
1
0
112
155
181
98
1
3
16
0
64
34
102
35
2
93
0
0
248
236
0
0
204
148
2
0
164
1
181
98
1
2
28
0
64
34
102
35
73
4
128
207
159
195
14
17
44
123
255
255
66
238
255
255
118
59
0
0
74
0
1
0
246
196
181
98
1
3
16
0
40
38
102
35
2
93
0
0
248
236
0
0
180
152
2
0
124
105
181
98
1
2
28
0
40
38
102
35
83
4
128
207
115
195
14
17
133
123
255
255
155
238
255
255
152
58
0
0
33
1
1
0
107
52